~o
<STREAMINFO> 1 320
<VECSIZE> 320<NULLD><USER><DIAGC>
~h "h1"
<BEGINHMM>
<NUMSTATES> 4
<STATE> 2
<MEAN> 320
 2.347299e+001 1.032083e+001 8.802741e+000 9.989128e+000 8.936646e+000 7.975255e+000 8.440162e+000 8.012322e+000 5.977770e+000 1.005703e+001 8.440264e+000 9.557978e+000 8.796551e+000 7.922763e+000 8.157525e+000 7.871192e+000 7.507946e+000 9.483638e+000 8.599456e+000 8.926077e+000 8.592910e+000 8.243542e+000 7.798696e+000 7.934370e+000 9.250522e+000 9.078404e+000 8.909965e+000 8.270951e+000 8.573570e+000 8.583673e+000 7.701763e+000 8.007843e+000 1.028371e+001 9.085207e+000 8.931355e+000 7.942707e+000 8.615719e+000 8.731756e+000 7.800955e+000 8.025036e+000 1.038197e+001 9.199554e+000 8.563432e+000 7.943160e+000 8.616865e+000 8.718692e+000 7.868682e+000 7.945589e+000 9.595726e+000 9.228707e+000 8.229777e+000 8.192576e+000 8.636590e+000 8.571039e+000 7.965798e+000 7.893950e+000 8.864835e+000 9.045519e+000 8.231987e+000 8.525675e+000 8.686544e+000 8.459458e+000 8.008573e+000 7.923379e+000 8.502842e+000 8.738819e+000 8.534448e+000 8.631857e+000 8.734125e+000 8.489249e+000 7.926830e+000 7.985840e+000 8.886658e+000 8.575736e+000 8.738702e+000 8.548768e+000 8.738796e+000 8.597752e+000 7.819079e+000 8.031350e+000 9.172723e+000 8.708620e+000 8.870235e+000 8.527531e+000 8.782804e+000 8.646347e+000 7.822508e+000 8.053743e+000 9.289705e+000 8.907198e+000 8.913031e+000 8.742589e+000 8.763944e+000 8.618389e+000 7.901065e+000 8.012900e+000 9.321554e+000 9.261109e+000 8.946543e+000 9.004930e+000 8.785314e+000 8.614442e+000 8.044647e+000 8.037120e+000 9.378953e+000 9.516665e+000 9.155881e+000 9.104805e+000 8.841164e+000 8.649279e+000 8.211385e+000 8.130493e+000 9.404684e+000 9.374067e+000 9.220316e+000 9.157662e+000 8.882787e+000 8.678403e+000 8.459738e+000 8.277368e+000 9.508317e+000 9.176288e+000 9.337648e+000 9.146730e+000 8.886741e+000 8.738993e+000 8.600812e+000 8.364778e+000 9.445187e+000 9.353399e+000 9.192387e+000 9.076265e+000 8.848719e+000 8.740086e+000 8.655859e+000 8.396160e+000 9.443959e+000 9.120491e+000 9.111158e+000 8.962475e+000 8.808354e+000 8.664907e+000 8.599653e+000 8.339052e+000 9.243527e+000 9.194187e+000 9.054966e+000 8.918852e+000 8.768011e+000 8.648415e+000 8.505399e+000 8.273865e+000 9.263205e+000 9.058378e+000 8.974841e+000 8.848709e+000 8.747355e+000 8.631180e+000 8.476158e+000 8.249771e+000 9.135303e+000 9.005770e+000 8.944571e+000 8.841856e+000 8.735493e+000 8.645938e+000 8.448302e+000 8.233591e+000 9.096300e+000 8.948378e+000 8.903863e+000 8.796087e+000 8.709427e+000 8.599617e+000 8.458982e+000 8.250863e+000 8.948765e+000 8.946354e+000 8.887754e+000 8.793575e+000 8.676044e+000 8.560689e+000 8.415981e+000 8.231153e+000 9.082964e+000 8.870070e+000 8.892132e+000 8.780882e+000 8.648329e+000 8.504233e+000 8.397969e+000 8.201341e+000 8.792735e+000 8.971800e+000 8.843893e+000 8.758650e+000 8.619002e+000 8.480985e+000 8.398076e+000 8.178424e+000 9.012292e+000 8.761966e+000 8.780510e+000 8.712766e+000 8.591711e+000 8.476609e+000 8.352849e+000 8.139709e+000 8.703217e+000 8.779831e+000 8.713603e+000 8.625127e+000 8.546137e+000 8.444614e+000 8.367500e+000 8.155785e+000 8.602033e+000 8.718376e+000 8.652611e+000 8.598043e+000 8.526188e+000 8.443829e+000 8.342132e+000 8.160352e+000 8.840898e+000 8.617209e+000 8.621780e+000 8.601211e+000 8.525277e+000 8.431670e+000 8.299668e+000 8.133526e+000 8.669838e+000 8.607984e+000 8.575844e+000 8.471784e+000 8.392431e+000 8.291175e+000 8.238943e+000 8.099436e+000 8.372265e+000 8.660208e+000 8.572789e+000 8.438217e+000 8.377594e+000 8.286901e+000 8.257500e+000 8.115138e+000 8.593402e+000 8.526430e+000 8.465916e+000 8.466630e+000 8.409996e+000 8.338587e+000 8.256212e+000 8.110480e+000 8.616045e+000 8.362514e+000 8.374438e+000 8.391625e+000 8.343163e+000 8.289981e+000 8.165483e+000 8.073050e+000 8.587808e+000 8.355622e+000 8.380013e+000 8.348508e+000 8.295235e+000 8.238088e+000 8.121141e+000 8.057824e+000 8.285501e+000 8.405825e+000 8.377394e+000 8.294511e+000 8.262474e+000 8.199412e+000 8.163649e+000 8.062346e+000 8.059839e+000 8.377992e+000 8.329726e+000 8.207339e+000 8.193991e+000 8.145775e+000 8.159391e+000 8.056462e+000 7.954542e+000 8.293502e+000 8.266285e+000 8.148861e+000 8.145645e+000 8.113871e+000 8.136683e+000 8.067893e+000 8.013536e+000 8.194086e+000 8.207114e+000 8.132981e+000 8.137342e+000 8.114569e+000 8.116419e+000 8.075933e+000 8.032424e+000 8.134362e+000 8.138775e+000 8.103754e+000 8.098036e+000 8.067369e+000 8.048268e+000 8.022739e+000 8.064328e+000 8.011873e+000 8.000980e+000 7.987538e+000 7.967027e+000 7.953222e+000 7.945633e+000 7.961637e+000
<VARIANCE> 320
 1.000000e-002 1.000000e-002 1.000000e-002 1.000000e-002 1.000000e-002 1.000000e-002 1.000000e-002 1.000000e-002 1.000000e-002 1.000000e-002 1.000000e-002 1.000000e-002 1.000000e-002 1.000000e-002 1.000000e-002 1.000000e-002 1.000000e-002 1.000000e-002 1.000000e-002 1.000000e-002 1.000000e-002 1.000000e-002 1.000000e-002 1.000000e-002 1.000000e-002 1.000000e-002 1.000000e-002 1.000000e-002 1.000000e-002 1.000000e-002 1.000000e-002 1.000000e-002 1.000000e-002 1.000000e-002 1.000000e-002 1.000000e-002 1.000000e-002 1.000000e-002 1.000000e-002 1.000000e-002 1.000000e-002 1.000000e-002 1.000000e-002 1.000000e-002 1.000000e-002 1.000000e-002 1.000000e-002 1.000000e-002 1.000000e-002 1.000000e-002 1.000000e-002 1.000000e-002 1.000000e-002 1.000000e-002 1.000000e-002 1.000000e-002 1.000000e-002 1.000000e-002 1.000000e-002 1.000000e-002 1.000000e-002 1.000000e-002 1.000000e-002 1.000000e-002 1.000000e-002 1.000000e-002 1.000000e-002 1.000000e-002 1.000000e-002 1.000000e-002 1.000000e-002 1.000000e-002 1.000000e-002 1.000000e-002 1.000000e-002 1.000000e-002 1.000000e-002 1.000000e-002 1.000000e-002 1.000000e-002 1.000000e-002 1.000000e-002 1.000000e-002 1.000000e-002 1.000000e-002 1.000000e-002 1.000000e-002 1.000000e-002 1.000000e-002 1.000000e-002 1.000000e-002 1.000000e-002 1.000000e-002 1.000000e-002 1.000000e-002 1.000000e-002 1.000000e-002 1.000000e-002 1.000000e-002 1.000000e-002 1.000000e-002 1.000000e-002 1.000000e-002 1.000000e-002 1.000000e-002 1.000000e-002 1.000000e-002 1.000000e-002 1.000000e-002 1.000000e-002 1.000000e-002 1.000000e-002 1.000000e-002 1.000000e-002 1.000000e-002 1.000000e-002 1.000000e-002 1.000000e-002 1.000000e-002 1.000000e-002 1.000000e-002 1.000000e-002 1.000000e-002 1.000000e-002 1.000000e-002 1.000000e-002 1.000000e-002 1.000000e-002 1.000000e-002 1.000000e-002 1.000000e-002 1.000000e-002 1.000000e-002 1.000000e-002 1.000000e-002 1.000000e-002 1.000000e-002 1.000000e-002 1.000000e-002 1.000000e-002 1.000000e-002 1.000000e-002 1.000000e-002 1.000000e-002 1.000000e-002 1.000000e-002 1.000000e-002 1.000000e-002 1.000000e-002 1.000000e-002 1.000000e-002 1.000000e-002 1.000000e-002 1.000000e-002 1.000000e-002 1.000000e-002 1.000000e-002 1.000000e-002 1.000000e-002 1.000000e-002 1.000000e-002 1.000000e-002 1.000000e-002 1.000000e-002 1.000000e-002 1.000000e-002 1.000000e-002 1.000000e-002 1.000000e-002 1.000000e-002 1.000000e-002 1.000000e-002 1.000000e-002 1.000000e-002 1.000000e-002 1.000000e-002 1.000000e-002 1.000000e-002 1.000000e-002 1.000000e-002 1.000000e-002 1.000000e-002 1.000000e-002 1.000000e-002 1.000000e-002 1.000000e-002 1.000000e-002 1.000000e-002 1.000000e-002 1.000000e-002 1.000000e-002 1.000000e-002 1.000000e-002 1.000000e-002 1.000000e-002 1.000000e-002 1.000000e-002 1.000000e-002 1.000000e-002 1.000000e-002 1.000000e-002 1.000000e-002 1.000000e-002 1.000000e-002 1.000000e-002 1.000000e-002 1.000000e-002 1.000000e-002 1.000000e-002 1.000000e-002 1.000000e-002 1.000000e-002 1.000000e-002 1.000000e-002 1.000000e-002 1.000000e-002 1.000000e-002 1.000000e-002 1.000000e-002 1.000000e-002 1.000000e-002 1.000000e-002 1.000000e-002 1.000000e-002 1.000000e-002 1.000000e-002 1.000000e-002 1.000000e-002 1.000000e-002 1.000000e-002 1.000000e-002 1.000000e-002 1.000000e-002 1.000000e-002 1.000000e-002 1.000000e-002 1.000000e-002 1.000000e-002 1.000000e-002 1.000000e-002 1.000000e-002 1.000000e-002 1.000000e-002 1.000000e-002 1.000000e-002 1.000000e-002 1.000000e-002 1.000000e-002 1.000000e-002 1.000000e-002 1.000000e-002 1.000000e-002 1.000000e-002 1.000000e-002 1.000000e-002 1.000000e-002 1.000000e-002 1.000000e-002 1.000000e-002 1.000000e-002 1.000000e-002 1.000000e-002 1.000000e-002 1.000000e-002 1.000000e-002 1.000000e-002 1.000000e-002 1.000000e-002 1.000000e-002 1.000000e-002 1.000000e-002 1.000000e-002 1.000000e-002 1.000000e-002 1.000000e-002 1.000000e-002 1.000000e-002 1.000000e-002 1.000000e-002 1.000000e-002 1.000000e-002 1.000000e-002 1.000000e-002 1.000000e-002 1.000000e-002 1.000000e-002 1.000000e-002 1.000000e-002 1.000000e-002 1.000000e-002 1.000000e-002 1.000000e-002 1.000000e-002 1.000000e-002 1.000000e-002 1.000000e-002 1.000000e-002 1.000000e-002 1.000000e-002 1.000000e-002 1.000000e-002 1.000000e-002 1.000000e-002 1.000000e-002 1.000000e-002 1.000000e-002 1.000000e-002 1.000000e-002 1.000000e-002 1.000000e-002 1.000000e-002 1.000000e-002 1.000000e-002 1.000000e-002 1.000000e-002 1.000000e-002 1.000000e-002 1.000000e-002 1.000000e-002 1.000000e-002
<GCONST> -8.855338e+002
<STATE> 3
<MEAN> 320
 2.630200e+001 9.170861e+000 9.114850e+000 9.057049e+000 8.913547e+000 8.788209e+000 8.518119e+000 8.289963e+000 9.099457e+000 9.294637e+000 9.090348e+000 9.059505e+000 8.911101e+000 8.760679e+000 8.518314e+000 8.257915e+000 9.027818e+000 9.453932e+000 9.067257e+000 9.079735e+000 8.887557e+000 8.737075e+000 8.482903e+000 8.231519e+000 9.040537e+000 9.674904e+000 9.117971e+000 9.147549e+000 8.907632e+000 8.740282e+000 8.471039e+000 8.217353e+000 9.105527e+000 9.779419e+000 9.137337e+000 9.172852e+000 8.906912e+000 8.722870e+000 8.461622e+000 8.213067e+000 9.188752e+000 9.660169e+000 9.136460e+000 9.173253e+000 8.943463e+000 8.759719e+000 8.527236e+000 8.263320e+000 9.224148e+000 9.350146e+000 9.192851e+000 9.162865e+000 8.985766e+000 8.792793e+000 8.589496e+000 8.309204e+000 9.319195e+000 9.049812e+000 9.281558e+000 9.138340e+000 9.007878e+000 8.799916e+000 8.608052e+000 8.320998e+000 9.310135e+000 9.002260e+000 9.312281e+000 9.125329e+000 9.022905e+000 8.838937e+000 8.636582e+000 8.346811e+000 9.283296e+000 9.204548e+000 9.223765e+000 9.140615e+000 9.013288e+000 8.871993e+000 8.651297e+000 8.366329e+000 9.219693e+000 9.331728e+000 9.115707e+000 9.142677e+000 8.992077e+000 8.864798e+000 8.650317e+000 8.377571e+000 9.271179e+000 9.149570e+000 9.147317e+000 9.085230e+000 8.974129e+000 8.813030e+000 8.620395e+000 8.356334e+000 9.262767e+000 9.070326e+000 9.214025e+000 9.040241e+000 8.944092e+000 8.767708e+000 8.554953e+000 8.307319e+000 9.178077e+000 9.287921e+000 9.126356e+000 9.041146e+000 8.887214e+000 8.712021e+000 8.488217e+000 8.259552e+000 9.204345e+000 9.199904e+000 9.094656e+000 9.010536e+000 8.853634e+000 8.649515e+000 8.456881e+000 8.225521e+000 9.329657e+000 9.060740e+000 9.155928e+000 8.975324e+000 8.817810e+000 8.621205e+000 8.384080e+000 8.171366e+000 9.071580e+000 9.288237e+000 9.039520e+000 8.953451e+000 8.780330e+000 8.587379e+000 8.386686e+000 8.171867e+000 9.243813e+000 9.038177e+000 9.037907e+000 8.899428e+000 8.759075e+000 8.571531e+000 8.391756e+000 8.180289e+000 9.030258e+000 9.102264e+000 8.980186e+000 8.875894e+000 8.732183e+000 8.582228e+000 8.395140e+000 8.198823e+000 9.058129e+000 9.022783e+000 8.935690e+000 8.837086e+000 8.734012e+000 8.585848e+000 8.451430e+000 8.240374e+000 8.967445e+000 8.966991e+000 8.899838e+000 8.825901e+000 8.719491e+000 8.597434e+000 8.424866e+000 8.232804e+000 8.969491e+000 8.926243e+000 8.878081e+000 8.789788e+000 8.702983e+000 8.564474e+000 8.424740e+000 8.226379e+000 8.844022e+000 8.904541e+000 8.831297e+000 8.765643e+000 8.656631e+000 8.521667e+000 8.341263e+000 8.171880e+000 9.006697e+000 8.803428e+000 8.818027e+000 8.717380e+000 8.607023e+000 8.458785e+000 8.293910e+000 8.136184e+000 8.666003e+000 8.895778e+000 8.762441e+000 8.682484e+000 8.567961e+000 8.423609e+000 8.297597e+000 8.133534e+000 8.968346e+000 8.693895e+000 8.706887e+000 8.657780e+000 8.545962e+000 8.437722e+000 8.276124e+000 8.130080e+000 8.650781e+000 8.736691e+000 8.680561e+000 8.593740e+000 8.518879e+000 8.415747e+000 8.333626e+000 8.174827e+000 8.572716e+000 8.686068e+000 8.638508e+000 8.583999e+000 8.510779e+000 8.423717e+000 8.315863e+000 8.176848e+000 8.805879e+000 8.576663e+000 8.597798e+000 8.588634e+000 8.506383e+000 8.407282e+000 8.244329e+000 8.120813e+000 8.596418e+000 8.550524e+000 8.539807e+000 8.440229e+000 8.361133e+000 8.253753e+000 8.162727e+000 8.072858e+000 8.261903e+000 8.616046e+000 8.545662e+000 8.415175e+000 8.358020e+000 8.258727e+000 8.206667e+000 8.096723e+000 8.529430e+000 8.507298e+000 8.448604e+000 8.463132e+000 8.403387e+000 8.330257e+000 8.242641e+000 8.110125e+000 8.572164e+000 8.347302e+000 8.348331e+000 8.375758e+000 8.324220e+000 8.277780e+000 8.166152e+000 8.089752e+000 8.552341e+000 8.330549e+000 8.339729e+000 8.316482e+000 8.261591e+000 8.213102e+000 8.109633e+000 8.073256e+000 8.230458e+000 8.377006e+000 8.353673e+000 8.273807e+000 8.242119e+000 8.172265e+000 8.140751e+000 8.061834e+000 8.001336e+000 8.361369e+000 8.325999e+000 8.210171e+000 8.197345e+000 8.130605e+000 8.136422e+000 8.044785e+000 7.932447e+000 8.292002e+000 8.268280e+000 8.160578e+000 8.154867e+000 8.111630e+000 8.121993e+000 8.056521e+000 8.022387e+000 8.207020e+000 8.215119e+000 8.148340e+000 8.147109e+000 8.124829e+000 8.121832e+000 8.073097e+000 8.022214e+000 8.140199e+000 8.141007e+000 8.110826e+000 8.102855e+000 8.076086e+000 8.061146e+000 8.025197e+000 8.023732e+000 7.995013e+000 7.984632e+000 7.973709e+000 7.957429e+000 7.948526e+000 7.946574e+000 7.964721e+000
<VARIANCE> 320
 1.000000e-002 1.000000e-002 1.000000e-002 1.000000e-002 1.000000e-002 1.000000e-002 1.000000e-002 1.000000e-002 1.000000e-002 1.000000e-002 1.000000e-002 1.000000e-002 1.000000e-002 1.000000e-002 1.000000e-002 1.000000e-002 1.000000e-002 1.000000e-002 1.000000e-002 1.000000e-002 1.000000e-002 1.000000e-002 1.000000e-002 1.000000e-002 1.000000e-002 1.000000e-002 1.000000e-002 1.000000e-002 1.000000e-002 1.000000e-002 1.000000e-002 1.000000e-002 1.000000e-002 1.000000e-002 1.000000e-002 1.000000e-002 1.000000e-002 1.000000e-002 1.000000e-002 1.000000e-002 1.000000e-002 1.000000e-002 1.000000e-002 1.000000e-002 1.000000e-002 1.000000e-002 1.000000e-002 1.000000e-002 1.000000e-002 1.000000e-002 1.000000e-002 1.000000e-002 1.000000e-002 1.000000e-002 1.000000e-002 1.000000e-002 1.000000e-002 1.000000e-002 1.000000e-002 1.000000e-002 1.000000e-002 1.000000e-002 1.000000e-002 1.000000e-002 1.000000e-002 1.000000e-002 1.000000e-002 1.000000e-002 1.000000e-002 1.000000e-002 1.000000e-002 1.000000e-002 1.000000e-002 1.000000e-002 1.000000e-002 1.000000e-002 1.000000e-002 1.000000e-002 1.000000e-002 1.000000e-002 1.000000e-002 1.000000e-002 1.000000e-002 1.000000e-002 1.000000e-002 1.000000e-002 1.000000e-002 1.000000e-002 1.000000e-002 1.000000e-002 1.000000e-002 1.000000e-002 1.000000e-002 1.000000e-002 1.000000e-002 1.000000e-002 1.000000e-002 1.000000e-002 1.000000e-002 1.000000e-002 1.000000e-002 1.000000e-002 1.000000e-002 1.000000e-002 1.000000e-002 1.000000e-002 1.000000e-002 1.000000e-002 1.000000e-002 1.000000e-002 1.000000e-002 1.000000e-002 1.000000e-002 1.000000e-002 1.000000e-002 1.000000e-002 1.000000e-002 1.000000e-002 1.000000e-002 1.000000e-002 1.000000e-002 1.000000e-002 1.000000e-002 1.000000e-002 1.000000e-002 1.000000e-002 1.000000e-002 1.000000e-002 1.000000e-002 1.000000e-002 1.000000e-002 1.000000e-002 1.000000e-002 1.000000e-002 1.000000e-002 1.000000e-002 1.000000e-002 1.000000e-002 1.000000e-002 1.000000e-002 1.000000e-002 1.000000e-002 1.000000e-002 1.000000e-002 1.000000e-002 1.000000e-002 1.000000e-002 1.000000e-002 1.000000e-002 1.000000e-002 1.000000e-002 1.000000e-002 1.000000e-002 1.000000e-002 1.000000e-002 1.000000e-002 1.000000e-002 1.000000e-002 1.000000e-002 1.000000e-002 1.000000e-002 1.000000e-002 1.000000e-002 1.000000e-002 1.000000e-002 1.000000e-002 1.000000e-002 1.000000e-002 1.000000e-002 1.000000e-002 1.000000e-002 1.000000e-002 1.000000e-002 1.000000e-002 1.000000e-002 1.000000e-002 1.000000e-002 1.000000e-002 1.000000e-002 1.000000e-002 1.000000e-002 1.000000e-002 1.000000e-002 1.000000e-002 1.000000e-002 1.000000e-002 1.000000e-002 1.000000e-002 1.000000e-002 1.000000e-002 1.000000e-002 1.000000e-002 1.000000e-002 1.000000e-002 1.000000e-002 1.000000e-002 1.000000e-002 1.000000e-002 1.000000e-002 1.000000e-002 1.000000e-002 1.000000e-002 1.000000e-002 1.000000e-002 1.000000e-002 1.000000e-002 1.000000e-002 1.000000e-002 1.000000e-002 1.000000e-002 1.000000e-002 1.000000e-002 1.000000e-002 1.000000e-002 1.000000e-002 1.000000e-002 1.000000e-002 1.000000e-002 1.000000e-002 1.000000e-002 1.000000e-002 1.000000e-002 1.000000e-002 1.000000e-002 1.000000e-002 1.000000e-002 1.000000e-002 1.000000e-002 1.000000e-002 1.000000e-002 1.000000e-002 1.000000e-002 1.000000e-002 1.000000e-002 1.000000e-002 1.000000e-002 1.000000e-002 1.000000e-002 1.000000e-002 1.000000e-002 1.000000e-002 1.000000e-002 1.000000e-002 1.000000e-002 1.000000e-002 1.000000e-002 1.000000e-002 1.000000e-002 1.000000e-002 1.000000e-002 1.000000e-002 1.000000e-002 1.000000e-002 1.000000e-002 1.000000e-002 1.000000e-002 1.000000e-002 1.000000e-002 1.000000e-002 1.000000e-002 1.000000e-002 1.000000e-002 1.000000e-002 1.000000e-002 1.000000e-002 1.000000e-002 1.000000e-002 1.000000e-002 1.000000e-002 1.000000e-002 1.000000e-002 1.000000e-002 1.000000e-002 1.000000e-002 1.000000e-002 1.000000e-002 1.000000e-002 1.000000e-002 1.000000e-002 1.000000e-002 1.000000e-002 1.000000e-002 1.000000e-002 1.000000e-002 1.000000e-002 1.000000e-002 1.000000e-002 1.000000e-002 1.000000e-002 1.000000e-002 1.000000e-002 1.000000e-002 1.000000e-002 1.000000e-002 1.000000e-002 1.000000e-002 1.000000e-002 1.000000e-002 1.000000e-002 1.000000e-002 1.000000e-002 1.000000e-002 1.000000e-002 1.000000e-002 1.000000e-002 1.000000e-002 1.000000e-002 1.000000e-002 1.000000e-002 1.000000e-002 1.000000e-002 1.000000e-002 1.000000e-002 1.000000e-002 1.000000e-002 1.000000e-002 1.000000e-002 1.000000e-002 1.000000e-002 1.000000e-002
<GCONST> -8.855338e+002
<TRANSP> 4
 0.000000e+000 1.000000e+000 0.000000e+000 0.000000e+000
 0.000000e+000 0.000000e+000 1.000000e+000 0.000000e+000
 0.000000e+000 0.000000e+000 0.000000e+000 1.000000e+000
 0.000000e+000 0.000000e+000 0.000000e+000 0.000000e+000
<ENDHMM>
