842
168570
200
842
170
886
177370
200
886
170
841
168371
200
841
171
843
168769
200
843
169
884
176971
200
884
171
930
186170
200
930
170
974
194970
200
974
170
929
185971
200
929
171
887
177569
200
887
169
844
168969
200
844
169
885
177171
200
885
171
975
195169
200
975
169
931
186369
200
931
169
973
194771
200
973
171
839
167972
200
839
172
844
168968
200
844
168
794
158971
200
794
171
915
183170
200
915
170
883
176772
200
883
172
888
177769
200
888
169
